scenarios <- list(
  c(rep(0.1, 4), 0.2), #sc1 - sc8
  c(rep(0.1, 4), 0.3),
  c(rep(0.1, 4), 0.4),
  c(rep(0.1, 4), 0.5),
  c(rep(0.1, 4), 0.6),
  c(rep(0.1, 4), 0.7),
  c(rep(0.1, 4), 0.8),
  c(rep(0.1, 4), 0.9),
  
  c(0.1, 0.1 + 1:4/(4*10/1)), #sc9 - sc16
  c(0.1, 0.1 + 1:4/(4*10/2)),
  c(0.1, 0.1 + 1:4/(4*10/3)),
  c(0.1, 0.1 + 1:4/(4*10/4)),
  c(0.1, 0.1 + 1:4/(4*10/5)),
  c(0.1, 0.1 + 1:4/(4*10/6)),
  c(0.1, 0.1 + 1:4/(4*10/7)),
  c(0.1, 0.1 + 1:4/(4*10/8)),
  
  c(0.1, 0.1, 0.9, 0.1, 0.1), #sc17 - sc20
  c(0.1, 0.5, 0.9, 0.5, 0.1),
  c(0.1, 0.1, 0.5, 0.1, 0.1),
  c(0.1, 0.3, 0.5, 0.3, 0.1),
  
  rep(0.1, 5), #sc21 - sc29
  rep(0.2, 5), 
  rep(0.3, 5),
  rep(0.4, 5),
  rep(0.5, 5),
  rep(0.6, 5),
  rep(0.7, 5),
  rep(0.8, 5),
  rep(0.9, 5)
  
)



