##results for 2-version DMDs, sudden change at last verions;
x <- (0:89)/100
y_10 <- c( 0.059, 0.046, 0.058, 0.058, 0.076, 0.074, 0.101, 0.094, 0.109, 0.112, 0.126, 0.145, 0.162, 0.192, 0.186, 0.211, 0.222, 0.246, 0.286, 0.287, 0.319, 0.352, 0.36, 0.36, 0.373, 0.416, 0.432, 0.447, 0.44, 0.5, 0.493, 0.523, 0.563, 0.578, 0.6, 0.629, 0.655, 0.644, 0.686, 0.709, 0.701, 0.719, 0.752, 0.763, 0.77, 0.805, 0.792, 0.841, 0.826, 0.863, 0.864, 0.866, 0.89, 0.89, 0.903, 0.908, 0.929, 0.928, 0.941, 0.951, 0.947, 0.961, 0.963, 0.968, 0.971, 0.979, 0.979, 0.977, 0.985, 0.987, 0.991, 0.987, 0.987, 0.997, 0.996, 0.998, 1, 0.99, 0.997, 0.999, 0.999, 1, 0.999, 1, 1, 1, 1, 1, 1, 1 )
y_20 <- c( 0.048, 0.049, 0.083, 0.069, 0.081, 0.091, 0.1, 0.126, 0.14, 0.171, 0.188, 0.2, 0.252, 0.302, 0.313, 0.339, 0.342, 0.379, 0.433, 0.493, 0.494, 0.5, 0.539, 0.602, 0.63, 0.622, 0.637, 0.708, 0.701, 0.766, 0.77, 0.792, 0.798, 0.832, 0.858, 0.857, 0.873, 0.876, 0.905, 0.899, 0.931, 0.919, 0.942, 0.951, 0.944, 0.967, 0.959, 0.97, 0.975, 0.979, 0.991, 0.985, 0.993, 0.995, 0.991, 0.996, 0.996, 0.996, 0.996, 1, 0.999, 0.999, 0.999, 0.999, 1, 1, 1, 1, 0.999, 1, 0.999, 1, 1, 1, 1, 1, 1, 1, 1, 1, 1, 1, 1, 1, 1, 1, 1, 1, 1, 1 )
y_50 <- c( 0.06, 0.069, 0.076, 0.082, 0.104, 0.154, 0.159, 0.201, 0.247, 0.32, 0.375, 0.392, 0.469, 0.463, 0.583, 0.612, 0.663, 0.714, 0.746, 0.753, 0.789, 0.843, 0.851, 0.893, 0.906, 0.939, 0.934, 0.951, 0.962, 0.957, 0.976, 0.977, 0.986, 0.993, 0.994, 0.996, 0.997, 0.993, 0.994, 0.998, 0.996, 1, 1, 1, 1, 1, 1, 1, 1, 1, 1, 1, 1, 1, 1, 1, 1, 1, 1, 1, 1, 1, 1, 1, 1, 1, 1, 1, 1, 1, 1, 1, 1, 1, 1, 1, 1, 1, 1, 1, 1, 1, 1, 1, 1, 1, 1, 1, 1, 1 )
y_100 <- c( 0.074, 0.081, 0.092, 0.108, 0.183, 0.228, 0.26, 0.332, 0.397, 0.472, 0.579, 0.625, 0.692, 0.744, 0.809, 0.837, 0.904, 0.911, 0.933, 0.961, 0.966, 0.974, 0.969, 0.988, 0.997, 0.99, 0.996, 0.999, 0.999, 0.998, 1, 1, 0.999, 1, 1, 1, 1, 1, 1, 1, 1, 1, 1, 1, 1, 1, 1, 1, 1, 1, 1, 1, 1, 1, 1, 1, 1, 1, 1, 1, 1, 1, 1, 1, 1, 1, 1, 1, 1, 1, 1, 1, 1, 1, 1, 1, 1, 1, 1, 1, 1, 1, 1, 1, 1, 1, 1, 1, 1, 1 )
y_200 <- c( 0.038, 0.062, 0.072, 0.109, 0.199, 0.239, 0.359, 0.492, 0.554, 0.669, 0.74, 0.79, 0.868, 0.912, 0.945, 0.976, 0.981, 0.986, 0.988, 0.999, 0.999, 1, 1, 0.999, 1, 1, 1, 1, 1, 1, 1, 1, 1, 1, 1, 1, 1, 1, 1, 1, 1, 1, 1, 1, 1, 1, 1, 1, 1, 1, 1, 1, 1, 1, 1, 1, 1, 1, 1, 1, 1, 1, 1, 1, 1, 1, 1, 1, 1, 1, 1, 1, 1, 1, 1, 1, 1, 1, 1, 1, 1, 1, 1, 1, 1, 1, 1, 1, 1, 1 )
y_500 <- c( 0.055, 0.067, 0.093, 0.205, 0.304, 0.444, 0.59, 0.703, 0.826, 0.902, 0.947, 0.974, 0.989, 0.995, 0.995, 0.997, 1, 1, 1, 1, 1, 1, 1, 1, 1, 1, 1, 1, 1, 1, 1, 1, 1, 1, 1, 1, 1, 1, 1, 1, 1, 1, 1, 1, 1, 1, 1, 1, 1, 1, 1, 1, 1, 1, 1, 1, 1, 1, 1, 1, 1, 1, 1, 1, 1, 1, 1, 1, 1, 1, 1, 1, 1, 1, 1, 1, 1, 1, 1, 1, 1, 1, 1, 1, 1, 1, 1, 1, 1, 1 )


y_10 <- c( 0.057, 0.053, 0.056, 0.07, 0.07, 0.079, 0.082, 0.09, 0.115, 0.122, 0.138, 0.151, 0.17, 0.175, 0.184, 0.215, 0.236, 0.261, 0.254, 0.294, 0.285, 0.33, 0.341, 0.384, 0.412, 0.403, 0.422, 0.482, 0.479, 0.523, 0.536, 0.531, 0.577, 0.548, 0.591, 0.621, 0.63, 0.668, 0.691, 0.697, 0.712, 0.748, 0.748, 0.763, 0.775, 0.796, 0.813, 0.845, 0.839, 0.86, 0.881, 0.863, 0.874, 0.886, 0.904, 0.91, 0.919, 0.932, 0.928, 0.938, 0.95, 0.956, 0.961, 0.971, 0.972, 0.971, 0.981, 0.971, 0.977, 0.987, 0.984, 0.992, 0.988, 0.995, 0.997, 0.997, 0.995, 0.997, 0.999, 0.997, 0.998, 0.997, 0.998, 0.999, 0.999, 1, 1, 1, 1, 1 )
y_20 <- c( 0.048, 0.065, 0.059, 0.087, 0.094, 0.094, 0.117, 0.121, 0.128, 0.16, 0.185, 0.219, 0.216, 0.286, 0.278, 0.311, 0.374, 0.381, 0.419, 0.459, 0.485, 0.493, 0.54, 0.562, 0.601, 0.663, 0.669, 0.678, 0.738, 0.717, 0.742, 0.79, 0.804, 0.83, 0.831, 0.839, 0.873, 0.887, 0.902, 0.907, 0.93, 0.928, 0.947, 0.945, 0.956, 0.953, 0.966, 0.971, 0.977, 0.978, 0.973, 0.987, 0.984, 0.99, 0.993, 0.99, 0.995, 0.997, 0.997, 0.999, 0.997, 0.998, 1, 0.998, 1, 1, 0.999, 1, 1, 1, 1, 1, 1, 1, 1, 1, 1, 1, 1, 1, 1, 1, 1, 1, 1, 1, 1, 1, 1, 1 )
y_50 <- c( 0.055, 0.057, 0.057, 0.092, 0.094, 0.12, 0.162, 0.199, 0.261, 0.278, 0.332, 0.37, 0.432, 0.466, 0.55, 0.561, 0.612, 0.667, 0.719, 0.757, 0.778, 0.829, 0.85, 0.85, 0.895, 0.914, 0.943, 0.943, 0.948, 0.971, 0.971, 0.976, 0.985, 0.984, 0.991, 0.992, 0.997, 0.997, 0.999, 0.995, 1, 0.999, 0.997, 0.999, 1, 0.999, 0.999, 1, 1, 1, 1, 1, 1, 0.999, 1, 1, 1, 1, 1, 1, 1, 1, 1, 1, 1, 1, 1, 1, 1, 1, 1, 1, 1, 1, 1, 1, 1, 1, 1, 1, 1, 1, 1, 1, 1, 1, 1, 1, 1, 1 )
y_100 <- c( 0.051, 0.05, 0.081, 0.103, 0.129, 0.171, 0.216, 0.299, 0.357, 0.433, 0.483, 0.599, 0.611, 0.695, 0.766, 0.78, 0.851, 0.871, 0.907, 0.921, 0.945, 0.958, 0.971, 0.988, 0.982, 0.989, 0.996, 0.998, 0.996, 0.999, 0.997, 1, 0.999, 1, 1, 1, 1, 1, 1, 1, 1, 1, 1, 1, 1, 1, 1, 1, 1, 1, 1, 1, 1, 1, 1, 1, 1, 1, 1, 1, 1, 1, 1, 1, 1, 1, 1, 1, 1, 1, 1, 1, 1, 1, 1, 1, 1, 1, 1, 1, 1, 1, 1, 1, 1, 1, 1, 1, 1, 1 )
y_200 <- c( 0.052, 0.054, 0.092, 0.137, 0.2, 0.271, 0.347, 0.476, 0.555, 0.653, 0.767, 0.814, 0.86, 0.902, 0.927, 0.957, 0.974, 0.987, 0.993, 0.991, 0.994, 0.998, 1, 1, 1, 1, 1, 1, 1, 1, 1, 1, 1, 1, 1, 1, 1, 1, 1, 1, 1, 1, 1, 1, 1, 1, 1, 1, 1, 1, 1, 1, 1, 1, 1, 1, 1, 1, 1, 1, 1, 1, 1, 1, 1, 1, 1, 1, 1, 1, 1, 1, 1, 1, 1, 1, 1, 1, 1, 1, 1, 1, 1, 1, 1, 1, 1, 1, 1, 1 )
y_500 <- c( 0.034, 0.059, 0.082, 0.136, 0.243, 0.378, 0.534, 0.65, 0.773, 0.869, 0.918, 0.951, 0.983, 0.995, 0.998, 0.996, 0.997, 0.999, 0.999, 1, 1, 1, 1, 1, 1, 1, 1, 1, 1, 1, 1, 1, 1, 1, 1, 1, 1, 1, 1, 1, 1, 1, 1, 1, 1, 1, 1, 1, 1, 1, 1, 1, 1, 1, 1, 1, 1, 1, 1, 1, 1, 1, 1, 1, 1, 1, 1, 1, 1, 1, 1, 1, 1, 1, 1, 1, 1, 1, 1, 1, 1, 1, 1, 1, 1, 1, 1, 1, 1, 1 )


plot(x, y_10, type = "l", col = "blue", lwd = 2,
     ylim = c(0, 1),
     xlab = "delta",
     ylab = "power",
     main = "")

lines(x, y_20, col = "red", lwd = 2)

lines(x, y_50, col = "green", lwd = 2)

lines(x, y_100, col = "purple", lwd = 2)

lines(x, y_200, col = "pink", lwd = 2)

lines(x, y_500, col = "orange", lwd = 2)


legend("bottomright",
       legend = c("10", "20", "50", "100", "200", "500"),
       col = c("blue", "red", "green", "purple", "pink", "orange"),
       lwd = 2)
